=============
PPU (6.25MHz)
=============
A	O		W	B

0	CLR R0		20	20
1	CLR (R0)	44	56
2	CLR (R0)+	44	56
3	CLR @(R0)+	64	76
4	CLR -(R0)	44	56
5	CLR @-(R0)	64	76
6	CLR X(R0)	64	76
7	CLR @X(R0)	84	96
27	CLR #X		64	76
37	CLR @#X		64	76
67	CLR X		64	76
77	CLR @X		84	96
	TST same as W (even in B except PC-mode)

0	COM R0		20	20
1	COM (R0)[+-]	60	56
3	COM @(R0)+-	80	76
6	COM X(R0)	80	76
7	COM @X(R0)	100	96
27	COM #X		80	76
37	COM @#X		80	76
67	COM X		80	76
77	COM @X		100	96
	INC DEC NEG ADC SBC ROR ROL ASR ASL 
	SWAB XOR (W)
	
MOV	R1	(R1)	(R1)+	@(R1)+	-(R1)	@-(R1)	X(R1)	@X(R1)	#X	@#X	X	@X
R0	20	44	44	64	44	64	64	84	64	64	64	84
(R0)	44	68	68	88	68	88	88	108	88	88	88	108
(R0)+	44	68	68	88	68	88	88	108	88	88	88	108
@(R0)+	64	88	88	108	88	108	108	128	108	108	108	128
-(R0)	44	68	68	88	68	88	88	108	88	88	88	108
@-(R0)	64	88	88	108	88	108	108	128	108	108	108	128
X(R0)	64	88	88	108	88	108	108	128	108	108	108	128
@X(R0)	84	108	108	128	108	128	128	148	128	128	128	148
#X	44	68	68	88	68	88	88	108	88	88	88	108
@#X	64	88	88	108	88	108	108	128	108	108	108	128
X	64	88	88	108	88	108	108	128	108	108	108	128
@X	84	108	108	128	108	128	128	148	128	128	128	148
ROM instead of RAM gives -8T, e.g. MOV (R0), R1 from ROM will be 32-36 instead of 40-44
ROM MOV (R0), @(R0) will be faster by -16T?

BIC	R1	(R1)	(R1)+	@(R1)+	-(R1)	@-(R1)	X(R1)	@X(R1)	#X	@#X	X	@X
R0	20	60	60	80	60	80	80	100	80	80	80	100
(R0)	44	84	84	104	84	104	104	124	104	104	104	124
(R0)+	44	84	84	104	84	104	104	124	104	104	104	124
@(R0)+	64	104	104	124	104	124	124	144	124	124	124	144
-(R0)	44	84	84	104	84	104	104	124	104	104	104	124
@-(R0)	64	104	104	124	104	124	124	144	124	124	124	144
X(R0)	64	104	104	124	104	124	124	144	124	124	124	144
@X(R0)	84	124	124	144	124	144	144	164	144	144	144	164
#X	44	84	84	104	84	104	104	124	104	104	104	124
@#X	64	104	104	124	104	124	124	144	124	124	124	144
X	64	104	104	124	104	124	124	144	124	124	124	144
@X	84	124	124	144	124	144	144	164	144	144	144	164
SUB ADD

BIT	R1	(R1)	(R1)+	@(R1)+	-(R1)	@-(R1)	X(R1)	@X(R1)	#X	@#X	X	@X
R0	20	44	44	64	44	64	64	84	48	64	64	84
(R0)	44	68	68	88	68	88	88	108	72	88	88	108
(R0)+	44	68	68	88	68	88	88	108	72	88	88	108
@(R0)+	64	88	88	108	88	108	108	128	92	108	108	128
-(R0)	44	68	68	88	68	88	88	108	72	88	88	108
@-(R0)	64	88	88	108	88	108	108	128	92	108	108	128
X(R0)	64	88	88	108	88	108	108	128	92	108	108	128
@X(R0)	84	108	108	128	108	128	128	148	112	128	128	148
#X	44	68	68	88	68	88	88	108	72	88	88	108
@#X	64	88	88	108	88	108	108	128	92	108	108	128
X	64	88	88	108	88	108	108	128	92	108	108	128
@X	84	108	108	128	108	128	128	148	112	128	128	148

	(R1)	@(R1)	X(R1)	@X(R1)	(PC)	#X	@#X	X	@X
JMP	48	72	52	72	48	48	52	52	72
JSR	68	92	72	92	68	68	72	72	92
